200
300
531
887
1299
1788
2341
2945
3587
4414
5233
6167
6823
7287
7315
7023
6426
5447
4387
3209
2329
1609
1204
887
633
436
300
227
174
147
114
90
71
65
62
62
62
62
62
62
62
62
62
62
62
62
62
62
62
62
62
62
75
89
120
157
214
279
350
425
503
578
647
701
733
751
745
713
642
546
440
341
256
191
143
109
86
71
61
54
50
47
46
44
44
43
43
43
43
43
43
42
42
42
42
42
42
42
42
42
42
42
42
57
96
176
285
421
575
749
939
1140
1347
1550
1734
1881
1974
2022
2006
1914
1724
1466
1182
914
687
511
383
293
231
190
163
145
134
126
122
119
117
115
115
114
114
113
113
113
113
113
113
113
113
113
113
113
113
113
113
137
207
352
557
817
1116
1454
1824
2215
2617
3010
3368
3654
3778
3801
3704
3535
3218
2794
2318
1847
1427
1082
817
624
489
387
323
260
224
190
182
172
165
157
150
140
130
124
120
117
110
104
100
100
100
100
100
100
94
87
80
80
87
107
141
178
226
289
373
464
561
660
754
839
914
945
922
834
714
582
455
345
259
194
148
117
96
82
73
67
63
60
59
58
57
56
56
56
56
56
56
56
56
56
56
56
57
60
65
79
94
107
120
137
160
186
242
324
428
562
720
849
990
1080
1154
1289
1390
1476
1423
1426
1390
1253
1011
860
800
766
620
460
326
254
207
153
118
98
110
122
107
95
76
85
75
77
64
61
50
44
40
94
99
97
51
53
53
58
57
63
62
57
68
84
108
129
172
222
251
311
370
473
586
837
1049
1382
1573
1842
1928
1964
1830
1653
1357
1057
834
675
554
359
225
150
104
98
89
84
72
68
69
72
85
91
117
135
163
187
204
213
233
261
341
341
377
382
424
454
556
765
1163
1601
1914
2061
2159
2302
2321
2193
1982
1669
1431
1285
1281
1245
1056
795
505
342
243
175
111
86
83
75
64
56
46
49
42
45
39
40
41
42
41
34
42
54
67
77
82
95
143
189
272
305
333
336
342
320
290
256
272
266
286
301
355
403
425
443
517
597
608
585
541
537
460
396
332
299
229
148
82
68
67
58
49
44
41
44
44
51
48
51
49
52
52
48
38
32
31
37
38
39
50
58
70
69
73
80
81
73
67
66
76
95
126
158
169
196
219
263
288
302
267
246
226
265
272
287
279
267
228
163
93
53
31
29
27
29
32
32
31
28
33
33
31
26
27
28
27
31
40
54
63
74
100
126
156
180
273
400
424
424
424