330 
188 
2402 
294 
375 
143 
452 
258 
403 
34 
2622 
362 
23 
328 
300 
253 
1837 
1408 
157 
274 
68 
90 
160 
2065 
2248 
25 
33 
30 
60 
52 
2154 
3326 
414 
599 
492 
100 
477 
1122 
280 
294 
36 
504 
306 
528 
3171 
867 
386 
290 
332 
218 
299 
1658 
4232 
104 
153 
82 
84 
42 
4259 
671 
87 
97 
595 
313 
140 
2678 
1106 
321 
64 
395 
417 
285 
1703 
3399 
118 
240 
22 
31 
115 
3335 
519 
63 
27 
76 
89 
76 
2655 
2600 
20 
20 
22 
95 
276 
1953 
2441 
33 
219 
286 
226 
52 
1903 
1539 
108 
34 
85 
65 
128 
2601 
617 
20 
20 
20 
20 
20 
197 
1827 
20 
20 
20 
20 
452 
2132 
1258 
224 
278 
202 
155 
21 
899 
505 
232 
21 
36 
106 
200 
257 
1313 
51 
165 
59 
101 
23 
1020 
2380 
20 
20 
20 
20 
20 
1622 
2257 
429 
107 
151 
195 
129 
1903 
1322 
65 
237 
100 
243 
216 
1802 
591 
182 
82 
24 
38 
181 
1670 
915 
57 
58 
68 
31 
42 
2092 
318 
20 
20 
90 
522 
163 
1134 
3066 
394 
93 
114 
80 
217 
2860 
1107 
107 
47 
41 
188 
74 
2026 
345 
146 
145 
90 
80 
149 
362 
362 
69 
27 
60 
46 
91 
923 
1736 
322 
216 
126 
168 
171 
742 
257 
237 
66 
163 
149 
213 
298 
662 
291 
295 
213 
302 
187 
2776 
1181 
43 
131 
68 
203 
24 
609 
1233 
50 
206 
312 
364 
313 
2398 
1564 
21 
322 
213 
244 
241 
938 
1972 
203 
140 
54 
66 
148 
2278 
1696 
40 
30 
39 
27 
27 
2080 
801 
20 
20 
20 
461 
179 
647 
94 
158 
108 
299 
104 
291 
1870 
2671 
175 
31 
33 
98 
42 
2425 
800 
38 
60 
69 
75 
61 
791 
1228 
20 
33 
36 
20 
26 
273 
2078 
187 
153 
312 
279 
292 
1204 
715 
24 
167 
310 
278 
277 
2283 
1186 
68 
117 
61 
72 
28 
807 
2426 
23 
21 
39 
34 
24 
234 
2138 
20 
86 
720 
751 
732 
263 
410 
684 
682 
486 
674 
343 
877 
310 
55 
284 
26 
441 
220 
1510 
214 
35 
555 
42 
282 
33 
3272 
3558 
230 
94 
82 
111 
554 
995 
1185 
338 
90 
452 
466 
249 
615 
2992 
30 
341 
333 
310 
163 
3293 
193 
159 
195 
153 
102 
77 
1451 
878 
89 
35 
65 
157 
71 
597 
1195 
140 
239 
816 
817 
512 
2728 
1397 
516 
130 
502 
255 
550 
1005 
3618 
114 
175 
235 
251 
334 
1330 
3446 
200 
172 
95 
164 
89 
1003 
2960 
345 
408 
198 
292 
35 
151 
1114 
143 
465 
241 
285 
206 
2117 
1735 
124 
38 
171 
323 
134 
3545 
2974 
160 
90 
139 
54 
163 
1666 
3217 
20 
20 
20 
435 
459 
1442 
1923 
155 
86 
83 
255 
155 
2238 
1066 
66 
174 
45 
86 
57 
1983 
405 
90 
82 
79 
73 
92 
1904 
243 
20 
20 
20 
20 
20 
1375 
1372 
122 
147 
231 
305 
109 
1629 
1987 
98 
94 
41 
111 
114 
1560 
2046 
20 
20 
20 
20 
20 
1420 
593 
20 
20 
20 
20 
20 
1062 
2228 
20 
260 
146 
33 
257 
1020 
900 
334 
285 
53 
228 
106 
1372 
1711 
28 
107 
110 
69 
141 
1990 
307 
23 
35 
89 
67 
27 
446 
694 
57 
23 
35 
255 
304 
2700 
230 
183 
88 
108 
161 
289 
3111 
2864 
169 
109 
93 
62 
123 
1804 
1329 
21 
55 
22 
23 
69 
1385 
334 
20 
20 
20 
20 
20 
2618 
2516 
351 
394 
314 
252 
210 
331 
607 
92 
456 
266 
125 
250 
820 
612 
158 
162 
282 
274 
230 
893 
2905 
100 
67 
47 
145 
99 
155 
957 
144 
162 
131 
422 
445 
1799 
2265 
186 
177 
142 
177 
225 
2820 
79 
32 
142 
69 
50 
170 
116 
2747 
88 
41 
67 
55 
36 
768 
1731 
20 
20 
20 
20 
151 
1420 
229 
208 
38 
250 
141 
344 
39 
1681 
359 
113 
347 
174 
343 
318 
2474 
144 
46 
174 
202 
32 
1974 
2471 
28 
27 
29 
28 
23 
2303 
67 
302 
456 
327 
103 
131 
1832 
976 
390 
291 
247 
89 
382 
1884 
1591 
165 
145 
203 
201 
189 
1441 
1593 
27 
63 
72 
66 
68 
1349 
969 
20 
20 
166 
225 
276 
285 
3484 
599 
151 
198 
67 
256 
4082 
2985 
80 
46 
209 
224 
190 
1081 
2673 
42 
99 
86 
78 
69 
2144 
934 
20 
20 
20 
20 
20 
1126 
1787 
174 
296 
453 
242 
197 
1771 
214 
112 
237 
301 
408 
164 
753 
651 
245 
146 
201 
142 
168 
1081 
2682 
26 
166 
183 
126 
169 
1719 
655 
114 
197 
200 
337 
193 
66 
1704 
235 
734 
112 
201 
204 
2756 
2449 
136 
93 
199 
53 
98 
1903 
1987 
198 
174 
285 
239 
56 
2258 
2973 
39 
539 
338 
62 
452 
2553 
2834 
409 
165 
338 
399 
61 
3472 
3172 
25 
151 
86 
28 
73 
3537 
1094 
20 
20 
20 
20 
20 
1714 
320 
20 
20 
20 
20 
229 
2494 
800 
144 
77 
157 
203 
39 
1402 
2628 
93 
41 
41 
94 
153 
1688 
1933 
20 
20 
20 
20 
20 
1856 
1969 
20 
20 
20 
20 
20 
467 
2394 
195 
313 
35 
65 
119 
1189 
1936 
110 
112 
98 
174 
43 
1196 
1994 
40 
41 
30 
28 
55 
1806 
849 
20 
20 
20 
20 
20 
1519 
643 
20 
20 
341 
188 
129 
274 
152 
245 
268 
254 
384 
240 
2152 
1891 
33 
44 
69 
205 
207 
1107 
1985 
72 
46 
90 
25 
74 
1227 
1962 
20 
20 
20 
20 
75 
2912 
572 
408 
233 
290 
238 
149 
3331 
1773 
166 
148 
117 
54 
58 
2342 
1653 
35 
58 
22 
55 
58 
1776 
397 
20 
20 
20 
20 
20 
1837 
2659 
38 
235 
517 
109 
485 
2250 
878 
24 
222 
281 
351 
454 
3186 
2927 
102 
113 
70 
118 
158 
1928 
2293 
26 
26 
31 
26 
24 
1491 
1708 
20 
20 
20 
459 
106 
387 
389 
484 
229 
94 
349 
445 
1255 
1321 
52 
85 
203 
32 
372 
1345 
2094 
146 
222 
150 
169 
63 
1005 
776 
54 
111 
68 
125 
62 
1982 
276 
238 
36 
138 
401 
368 
982 
487 
203 
176 
195 
25 
215 
1618 
358 
159 
229 
178 
242 
121 
1061 
1876 
119 
57 
67 
48 
94 
1169 
2496 
20 
218 
57 
318 
407 
2130 
718 
62 
78 
105 
128 
357 
589 
877 
326 
169 
90 
225 
146 
2384 
679 
151 
118 
188 
127 
93 
1539 
1646 
46 
36 
43 
164 
624 
3157 
816 
465 
126 
234 
441 
322 
2816 
2905 
254 
237 
208 
211 
77 
3837 
104 
65 
31 
60 
97 
38 
653 
471 
30 
78 
41 
71 
77 
2421 
3122 
499 
40 
198 
155 
261 
430 
757 
412 
192 
119 
336 
458 
2711 
3242 
38 
144 
195 
137 
188 
968 
2574 
29 
57 
45 
43 
37 
518 
2806 
20 
20 
661 
161 
281 
3849 
123 
96 
382 
459 
269 
410 
642 
2579 
46 
325 
380 
150 
201 
2521 
3020 
75 
93 
177 
108 
129 
2178 
2768 
25 
21 
24 
647 
544 
2224 
2875 
353 
239 
383 
148 
157 
1266 
2063 
153 
109 
212 
79 
34 
2979 
1399 
98 
112 
31 
92 
61 
854 
3079 
20 
20 
20 
20 
20 
542 
1538 
369 
224 
370 
333 
383 
313 
2156 
118 
155 
92 
317 
177 
2342 
944 
69 
80 
62 
131 
104 
1723 
1796 
20 
20 
20 
20 
20 
1414 
1041 
20 
336 
304 
111 
313 
905 
1805 
52 
177 
116 
57 
213 
2056 
1959 
149 
122 
65 
133 
100 
1392 
2149 
20 
20 
20 
20 
20 
46 
912 
20 
20 
20 
20 
255 
983 
566 
97 
41 
117 
346 
196 
796 
526 
192 
119 
115 
263 
237 
698 
546 
60 
208 
106 
47 
220 
1216 
1514 
24 
129 
29 
87 
73 
1178 
2098 
94 
130 
28 
515 
131 
1658 
1775 
280 
161 
308 
27 
212 
873 
1706 
189 
26 
259 
188 
136 
2470 
1595 
38 
34 
65 
42 
54 
1301 
1564 
20 
20 
429 
368 
364 
655 
152 
185 
521 
519 
257 
538 
940 
2632 
51 
106 
373 
253 
316 
1576 
3102 
222 
41 
77 
41 
227 
2775 
2454 
20 
20 
20 
20 
20 
2676 
2369 
55 
233 
95 
71 
302 
1635 
2449 
41 
97 
52 
85 
78 
182 
2379 
20 
20 
20 
20 
20 
1428 
2688 
20 
20 
20 
20 
20 
46 
2119 
410 
203 
156 
380 
353 
668 
1889 
124 
83 
147 
309 
152 
887 
145 
261 
230 
123 
172 
303 
2560 
975 
153 
135 
110 
45 
134 
757 
176 
110 
70 
109 
239 
256 
452 
408 
44 
406 
216 
339 
242 
1116 
2520 
115 
36 
279 
258 
92 
837 
1431 
74 
115 
165 
100 
156 
1245 
2032 
24 
60 
47 
61 
37 
367 
953 
113 
315 
686 
614 
556 
182 
1782 
127 
218 
294 
446 
63 
704 
2452 
315 
460 
214 
62 
25 
1081 
1860 
215 
22 
184 
222 
217 
2562 
1673 
22 
275 
374 
571 
564 
2727 
188 
418 
282 
408 
174 
320 
3449 
2526 
208 
166 
21 
198 
179 
3070 
2039 
36 
40 
40 
42 
43 
2191 
1109 
20 
20 
20 
20 
692 
1398 
3543 
285 
292 
350 
503 
143 
4323 
2106 
96 
290 
55 
188 
220 
223 
2032 
202 
151 
178 
40 
107 
2954 
2998 
20 
20 
20 
20 
263 
885 
972 
566 
73 
167 
512 
232 
3178 
3158 
189 
105 
285 
294 
206 
2786 
2812 
35 
29 
48 
51 
58 
809 
2259 
20 
20 
20 
20 
20 
669 
416 
335 
221 
396 
147 
240 
2157 
2132 
21 
165 
227 
94 
308 
457 
2198 
97 
28 
141 
102 
177 
1191 
2033 
31 
46 
37 
42 
42 
2378 
1458 
20 
20 
84 
182 
393 
1811 
2199 
20 
230 
34 
247 
69 
1968 
1053 
79 
91 
41 
91 
103 
1765 
999 
20 
20 
20 
20 
20 
582 
2028 
20 
20 
20 
20 
20 
1217 
2156 
270 
44 
186 
21 
177 
2121 
661 
131 
104 
80 
49 
55 
1693 
785 
41 
37 
38 
24 
44 
193 
1688 
20 
20 
20 
20 
20 
25 
2172 
294 
360 
369 
387 
291 
584 
2654 
276 
189 
80 
45 
252 
908 
1118 
362 
216 
326 
119 
193 
3279 
1436 
37 
147 
20 
85 
33 
3306 
1227 
20 
20 
20 
279 
85 
845 
2269 
179 
292 
445 
188 
41 
2066 
2689 
101 
47 
144 
81 
215 
3224 
2814 
20 
20 
20 
20 
20 
2649 
2132 
20 
20 
20 
20 
20 
3360 
2675 
122 
87 
124 
39 
304 
1366 
1810 
241 
225 
127 
191 
252 
700 
1598 
124 
37 
91 
144 
48 
1405 
172 
73 
29 
36 
45 
51 
1769 
1686 
20 
129 
259 
334 
155 
961 
989 
283 
40 
58 
205 
210 
1620 
1890 
133 
241 
185 
243 
24 
2355 
75 
48 
67 
140 
66 
110 
1834 
1936 
20 
20 
20 
20 
393 
399 
2322 
161 
364 
361 
29 
374 
906 
1333 
157 
172 
63 
35 
43 
1518 
2159 
92 
104 
37 
53 
107 
2702 
2452 
20 
20 
20 
20 
20 
1899 
3384 
502 
48 
111 
170 
461 
3655 
369 
134 
297 
422 
296 
249 
639 
50 
246 
186 
346 
334 
320 
1772 
482 
177 
213 
53 
236 
156 
1512 
3285 
86 
22 
441 
579 
238 
2267 
75 
164 
352 
431 
289 
330 
2184 
2169 
165 
53 
190 
240 
103 
3298 
432 
169 
89 
197 
199 
85 
361 
1098 
26 
75 
59 
53 
91 
469 
1376 
62 
631 
123 
391 
347 
478 
3455 
247 
235 
61 
318 
446 
918 
1324 
64 
77 
165 
404 
454 
821 
1289 
120 
88 
257 
121 
246 
637 
3177 
253 
476 
329 
366 
467 
2730 
2384 
150 
264 
250 
175 
84 
2912 
562 
51 
43 
44 
20 
72 
387 
191 
60 
97 
23 
82 
108 
1132 
2610 
20 
451 
291 
235 
56 
1659 
1142 
287 
285 
94 
98 
139 
2268 
1379 
142 
106 
28 
33 
31 
99 
129 
94 
40 
48 
83 
132 
2237 
495 
68 
34 
42 
330 
265 
59 
1730 
235 
170 
293 
298 
86 
2029 
1023 
50 
40 
86 
47 
21 
1388 
1392 
36 
81 
99 
99 
58 
855 
1090 
22 
22 
23 
23 
23 
1306 
1309 
172 
42 
39 
201 
48 
570 
1459 
275 
165 
173 
32 
98 
637 
1253 
107 
69 
106 
155 
77 
739 
1645 
83 
52 
90 
64 
64 
1863 
750 
20 
478 
354 
448 
195 
836 
2598 
156 
267 
238 
148 
105 
332 
2633 
302 
112 
316 
212 
166 
3250 
105 
173 
66 
119 
152 
55 
1419 
2666 
20 
20 
20 
20 
346 
1702 
1377 
460 
45 
433 
492 
460 
1416 
2909 
160 
76 
94 
182 
242 
1390 
2737 
79 
113 
103 
95 
48 
909 
75 
53 
54 
76 
38 
73 
2694 
2955 
84 
237 
431 
330 
285 
2234 
1729 
94 
169 
152 
337 
165 
2173 
99 
245 
77 
152 
23 
221 
1276 
1295 
124 
108 
56 
86 
94 
449 
71 
21 
76 
441 
384 
325 
1936 
1101 
107 
203 
348 
237 
137 
1513 
1029 
159 
252 
122 
247 
182 
177 
2154 
28 
131 
21 
57 
47 
1815 
66 
35 
61 
68 
48 
40 
794 
521 
194 
389 
402 
96 
28 
163 
600 
248 
296 
387 
191 
215 
826 
1747 
290 
224 
49 
214 
287 
2712 
1562 
57 
35 
106 
109 
106 
237 
572 
454 
693 
748 
584 
654 
3211 
3383 
116 
434 
28 
54 
271 
2135 
2225 
29 
101 
121 
40 
23 
1017 
1197 
141 
130 
137 
58 
120 
1018 
1909 
44 
29 
45 
424 
294 
2501 
1635 
36 
106 
81 
246 
245 
1348 
680 
131 
197 
171 
234 
371 
2105 
2688 
99 
162 
163 
173 
21 
1988 
2961 
20 
20 
20 
20 
20 
616 
3414 
556 
191 
113 
252 
322 
2427 
2160 
284 
273 
26 
346 
253 
3916 
2063 
117 
33 
116 
138 
123 
1942 
4045 
20 
20 
20 
20 
20 
4186 
3631 
324 
345 
314 
419 
47 
1076 
1480 
305 
173 
183 
50 
21 
2031 
49 
189 
127 
40 
25 
196 
3463 
510 
97 
125 
65 
23 
110 
1749 
2680 
20 
20 
33 
44 
112 
718 
344 
234 
282 
156 
454 
150 
2236 
1869 
190 
156 
32 
102 
239 
2207 
2073 
31 
45 
35 
26 
30 
710 
1391 
20 
20 
20 
20 
295 
2388 
242 
23 
66 
83 
81 
219 
1492 
1009 
181 
191 
92 
31 
32 
1388 
665 
56 
58 
65 
123 
59 
182 
162 
110 
58 
22 
76 
24 
1981 
828 
163 
90 
163 
284 
397 
756 
703 
277 
40 
303 
340 
366 
1336 
1338 
102 
223 
82 
110 
68 
1023 
1971 
26 
66 
100 
105 
83 
471 
241 
22 
63 
401 
109 
288 
175 
1742 
358 
46 
429 
344 
250 
2676 
494 
285 
152 
332 
262 
79 
388 
958 
82 
326 
162 
64 
118 
2235 
2033 
127 
72 
146 
30 
23 
1718 
643 
248 
431 
107 
379 
373 
1100 
283 
270 
177 
296 
31 
256 
1087 
2602 
165 
293 
236 
116 
253 
2899 
2314 
56 
34 
67 
66 
36 
1772 
1383 
20 
290 
456 
421 
394 
1351 
1469 
212 
54 
386 
203 
383 
1233 
2353 
196 
40 
103 
177 
158 
2393 
553 
49 
52 
81 
74 
75 
2665 
1596 
20 
20 
20 
485 
70 
642 
1453 
323 
95 
79 
242 
217 
1977 
1273 
203 
116 
197 
197 
251 
1964 
2592 
57 
54 
59 
46 
64 
1130 
2232 
20 
20 
20 
20 
20 
1685 
228 
189 
465 
120 
448 
504 
1636 
765 
380 
220 
47 
270 
382 
277 
126 
308 
337 
308 
351 
32 
1174 
1285 
245 
211 
179 
270 
53 
2415 
2092 
33 
207 
650 
624 
52 
3689 
2897 
346 
323 
44 
427 
154 
2494 
590 
291 
103 
333 
27 
40 
2236 
3029 
28 
65 
29 
54 
82 
1677 
2881 
20 
20 
20 
20 
258 
2098 
452 
492 
230 
432 
530 
535 
46 
1414 
406 
275 
413 
77 
364 
1789 
3368 
177 
189 
32 
108 
244 
2992 
2838 
20 
20 
20 
20 
20 
118 
2880 
720 
639 
228 
638 
65 
1062 
143 
164 
152 
548 
208 
670 
1963 
3047 
537 
170 
174 
210 
44 
2560 
3120 
67 
144 
166 
135 
279 
2986 
168 
61 
644 
674 
122 
348 
912 
1673 
439 
126 
310 
236 
528 
1385 
3272 
246 
57 
242 
37 
96 
1332 
2117 
82 
64 
137 
124 
113 
2135 
1398 
44 
44 
50 
53 
246 
1912 
1020 
321 
256 
106 
268 
278 
1667 
485 
117 
145 
162 
264 
21 
1603 
2217 
31 
66 
48 
51 
46 
1289 
78 
26 
42 
31 
36 
29 
272 
1022 
197 
169 
243 
50 
216 
2099 
983 
252 
178 
71 
34 
55 
2378 
785 
30 
99 
39 
99 
89 
2238 
792 
20 
20 
20 
20 
20 
408 
952 
20 
20 
255 
100 
301 
967 
550 
109 
367 
44 
63 
87 
2236 
94 
92 
106 
44 
68 
98 
1672 
2040 
92 
97 
28 
92 
25 
2062 
2170 
20 
20 
20 
20 
152 
1628 
1635 
368 
68 
192 
408 
351 
2969 
1896 
239 
65 
40 
196 
78 
1052 
1608 
45 
50 
23 
108 
72 
1285 
585 
55 
36 
46 
38 
41 
693 
630 
73 
63 
168 
519 
252 
2829 
2114 
126 
239 
255 
203 
167 
737 
302 
224 
330 
88 
73 
125 
1326 
38 
126 
90 
69 
101 
102 
2516 
3381 
33 
30 
27 
204 
174 
2402 
1119 
283 
36 
239 
352 
171 
1073 
1800 
126 
202 
182 
131 
47 
2034 
817 
75 
102 
105 
63 
84 
740 
1113 
23 
31 
24 
27 
21 
393 
2586 
371 
304 
271 
138 
355 
1794 
2206 
118 
64 
125 
113 
44 
664 
500 
78 
138 
66 
92 
24 
2535 
958 
20 
20 
20 
20 
20 
1018 
1866 
20 
297 
82 
436 
497 
2438 
339 
381 
249 
301 
332 
255 
1404 
2241 
122 
93 
108 
71 
179 
1501 
233 
77 
79 
47 
25 
108 
2259 
716 
20 
20 
20 
237 
510 
2353 
3440 
128 
342 
213 
268 
202 
1148 
2311 
218 
348 
353 
239 
198 
250 
1995 
146 
136 
145 
167 
191 
1704 
1736 
61 
69 
70 
39 
24 
1305 
1858 
590 
403 
575 
579 
390 
2807 
3524 
201 
140 
167 
172 
97 
1734 
460 
143 
165 
207 
56 
105 
1384 
1211 
74 
63 
67 
73 
90 
3148 
769 
20 
20 
42 
513 
699 
373 
3556 
593 
334 
139 
471 
239 
1319 
856 
368 
332 
53 
368 
283 
3198 
119 
59 
319 
307 
279 
213 
2786 
801 
236 
110 
369 
298 
509 
2646 
3273 
127 
380 
33 
95 
191 
919 
2559 
243 
71 
33 
249 
46 
2575 
505 
43 
36 
100 
128 
92 
1991 
528 
20 
20 
21 
21 
21 
161 
1794 
111 
91 
231 
387 
213 
2590 
69 
45 
88 
280 
122 
50 
927 
2234 
138 
32 
145 
121 
122 
1522 
1954 
20 
20 
20 
20 
20 
59 
381 
227 
96 
345 
176 
357 
604 
1648 
101 
104 
296 
45 
84 
1493 
385 
112 
250 
256 
112 
40 
380 
2121 
112 
131 
108 
112 
40 
2041 
955 
21 
21 
21 
32 
100 
1764 
293 
215 
190 
89 
136 
268 
546 
529 
96 
233 
195 
252 
241 
2130 
797 
139 
124 
154 
157 
130 
218 
990 
109 
89 
51 
26 
43 
2298 
2173 
98 
241 
232 
244 
62 
819 
2218 
36 
153 
54 
237 
200 
62 
2347 
134 
44 
142 
162 
166 
1332 
2865 
20 
20 
20 
20 
20 
1562 
37 
20 
536 
404 
333 
239 
1696 
962 
160 
511 
127 
45 
343 
3096 
38 
377 
213 
307 
154 
160 
3291 
663 
126 
98 
87 
35 
151 
637 
420 
54 
44 
110 
130 
330 
2433 
1183 
281 
227 
266 
154 
162 
2017 
2369 
131 
161 
148 
47 
62 
886 
142 
124 
104 
89 
63 
34 
2371 
1280 
20 
20 
20 
20 
20 
1138 
886 
51 
468 
132 
373 
109 
1464 
2361 
134 
267 
70 
174 
173 
2554 
2639 
44 
59 
58 
25 
27 
739 
2070 
20 
20 
20 
20 
20 
709 
118 
20 
20 
170 
95 
147 
2728 
1072 
120 
27 
292 
112 
166 
866 
1369 
247 
83 
239 
191 
62 
543 
102 
179 
70 
200 
82 
191 
1411 
178 
35 
24 
150 
124 
318 
1188 
1978 
100 
185 
462 
616 
41 
456 
3784 
436 
384 
28 
393 
245 
3406 
502 
176 
88 
205 
27 
142 
3744 
4066 
20 
20 
20 
20 
20 
3714 
2013 
20 
20 
20 
20 
20 
3714 
2013